15
73
13 12 5
12 1 19
12 4 16
7 10 18
8 4 13
3 5 2
11 9 17
2 12 15
5 3 20
13 11 16
13 7 12
14 4 1
3 8 11
0 3 6
9 6 1
11 1 14
10 14 9
12 0 11
12 14 15
12 10 10
6 7 3
8 9 19
0 7 4
9 10 20
13 0 13
5 13 2
3 7 4
8 14 14
1 3 10
3 6 16
6 4 11
7 1 11
7 6 17
2 7 17
0 1 4
7 13 18
14 8 13
5 11 7
6 2 6
2 11 19
9 2 7
5 2 8
4 12 14
2 3 19
1 4 14
12 11 5
3 13 7
3 14 17
10 1 2
11 5 11
6 13 15
5 0 6
2 0 6
1 10 20
14 12 3
3 10 14
12 9 20
3 9 10
11 12 6
9 3 16
2 4 4
8 0 16
4 5 17
8 13 7
12 3 2
8 1 8
3 4 5
10 7 10
2 5 8
3 0 17
4 2 4
14 10 6
4 1 9
